sample	pe	se	n_reads	main_lib	add_lib	n_clean	clean_paired	clean_single	qc_orphans	dc_orphans	n_aln	pri_aln	sec_aln	pe_aln	se_aln
zr5240_1	True	False	32516738	32516738	0	26598318	23123130	3475188	3474572	616	52215754	26380834	25834920	22933270	3447564
zr5240_10	True	False	29027268	29027268	0	23710771	21398514	2312257	2309439	2818	39781745	23111991	16669754	20905164	2206827
zr5240_100	True	False	33198576	33198576	0	27870229	25038988	2831241	2831170	71	54267169	27725318	26541851	24887030	2838288
zr5240_101	True	False	37750630	37750630	0	30653950	27091894	3562056	3561605	451	51120107	29967655	21152452	26564572	3403083
zr5240_102	True	False	46841242	46841242	0	39731172	36129004	3602168	3602063	105	75315034	39535874	35779160	35921968	3613906
zr5240_103	True	False	23634502	23634502	0	19798179	17811912	1986267	1986203	0	35869550	19628676	16240874	17659946	1968730
zr5240_104	True	False	43645626	43645626	0	36292035	32644734	3647301	0	39	64805384	35522975	29282409	31957570	3565405
zr5240_105	True	False	45272140	45272140	0	37834754	33914092	3920662	0	770	60020509	35690743	24329766	32082360	3608383
zr5240_106	True	False	35922402	35922402	0	29441903	26377108	3064795	3064425	370	55688778	29222827	26465951	26188708	3034119
zr5240_107	True	False	35370214	35370214	0	28251104	24675300	3575804	3575178	626	49869583	27024212	22845371	23744822	3279390
zr5240_108	True	False	42807158	42807158	0	36092367	32768638	3323729	3323606	123	62431923	35452233	26979690	32188292	3263941
zr5240_109	True	False	44602976	44602976	0	36783578	32837246	3946332	3946066	266	63762137	35969532	27792605	32186200	3783332
zr5240_11	True	False	34323696	34323696	0	28682538	25589188	3093350	3093064	286	52726639	28305721	24420918	25233388	3072333
zr5240_110	True	False	41686670	41686670	0	35785550	32646470	3139080	3138933	147	65518091	35364531	30153560	32231986	3132545
zr5240_111	True	False	29924140	29924140	0	24776395	22121186	2655209	2654553	656	47757934	24569911	23188023	21926964	2642947
zr5240_112	True	False	29269934	29269934	0	24889069	22635940	2253129	2253058	71	41724932	24624050	17100882	22391684	2232366
zr5240_113	True	False	28240312	28240312	0	23026524	20518140	2508384	2508231	153	42764840	22741863	20022977	20270428	2471435
zr5240_114	True	False	36798708	36798708	0	31353057	28569570	2783487	2783319	168	57061111	31143224	25917887	28369556	2773668
zr5240_115	True	False	32508442	32508442	0	27449952	24935904	2514048	2512596	1452	49844201	27193950	22650251	24687920	2506030
zr5240_116	True	False	33385406	33385406	0	27906219	25040654	2865565	2864964	601	46672341	26995077	19677264	24232416	2762661
zr5240_117	True	False	32036810	32036810	0	26489386	23507102	2982284	2982180	104	45106632	26265895	18840737	23300550	2965345
zr5240_118	True	False	37038372	37038372	0	31474592	28417194	3057398	3057374	24	56066911	31158395	24908516	28143200	3015195
zr5240_119	True	False	26003846	26003846	0	21834835	19626600	2208235	2208219	16	42651262	21739026	20912236	19525904	2213122
zr5240_12	True	False	38361684	38361684	0	31986746	28940474	3046272	3044733	1539	58448926	31631183	26817743	28612180	3019003
zr5240_120	True	False	25295106	25295106	0	21100268	18914096	2186172	2186062	0	39066964	20864357	18202607	18710630	2153727
zr5240_121	True	False	28269020	28269020	0	23558978	20976622	2582356	2582238	118	45404507	23285185	22119322	20724716	2560469
zr5240_122	True	False	37868802	37868802	0	31646765	28569418	3077347	3076494	853	57349759	31346592	26003167	28282050	3064542
zr5240_123	True	False	24355360	24355360	0	20132007	17922356	2209651	2209401	0	37711638	19914629	17797009	17726208	2188421
zr5240_124	True	False	31512736	31512736	0	26696216	24009928	2686288	2686208	0	52718834	26503541	26215293	23817858	2685683
zr5240_125	True	False	36642882	36642882	0	31060495	28294270	2766225	2765776	449	55973294	30805284	25168010	28054424	2750860
zr5240_126	True	False	36683706	36683706	0	29506858	25925216	3581642	3581611	31	56983916	29238027	27745889	25693268	3544759
zr5240_127	True	False	32595714	32595714	0	26908856	24203228	2705628	2705585	43	53680993	26735539	26945454	24042374	2693165
zr5240_128	True	False	32620210	32620210	0	27326973	24622130	2704843	2704820	0	49926024	27171329	22754695	24474896	2696433
zr5240_129	True	False	35971242	35971242	0	30221256	27108828	3112428	3112350	78	56473467	30019469	26453998	26902512	3116957
zr5240_13	True	False	36608196	36608196	0	23098315	21097170	2001145	1959572	0	41464759	22639542	18825217	20751560	1887982
zr5240_130	True	False	43728588	43728588	0	36597039	32945800	3651239	3651186	53	62666399	35808724	26857675	32300744	3507980
zr5240_131	True	False	35560056	35560056	0	29514665	26337218	3177447	3177376	71	58172409	29370662	28801747	26186110	3184552
zr5240_132	True	False	35475388	35475388	0	29359040	26047346	3311694	3311618	76	55217485	29093227	26124258	25802114	3291113
zr5240_133	True	False	53670234	53670234	0	45987210	42153714	3833496	3833352	144	80685437	45057283	35628154	41326656	3730627
zr5240_134	True	False	30839982	30839982	0	25683076	23041712	2641364	2640881	483	43645354	24414263	19231091	22021480	2392783
zr5240_135	True	False	38096562	38096562	0	32841673	30114640	2727033	2726977	56	61302956	32643845	28659111	29923402	2720443
zr5240_136	True	False	19970792	19970792	0	16603909	14780132	1823777	1823702	75	30272865	16448224	13824641	14641956	1806268
zr5240_137	True	False	44542456	44542456	0	33949929	29985270	3964659	3964656	3	59051095	33465298	25585797	29655968	3809330
zr5240_138	True	False	36331780	36331780	0	30013734	26663266	3350468	3350437	31	54746938	29687666	25059272	26412374	3275292
zr5240_139	True	False	32069760	32069760	0	26765855	23836426	2929429	0	1077	53239990	26456743	26783247	23553508	2903235
zr5240_14	True	False	33541554	33541554	0	27152413	24052764	3099649	3098650	999	46408491	26893493	19514998	23840312	3053181
zr5240_140	True	False	34594994	34594994	0	28458111	25250094	3208017	3207718	299	54918405	28261308	26657097	25058094	3203214
zr5240_141	True	False	25925620	25925620	0	20084307	17375864	2708443	2707710	0	41849526	19944868	21904658	17254678	2690190
zr5240_142	True	False	32972120	32972120	0	26018142	22811534	3206608	3206104	504	47228827	25567230	21661597	22426724	3140506
zr5240_143	True	False	29255322	29255322	0	24376097	21846586	2529511	2529374	0	45097359	24077132	21020227	21566700	2510432
zr5240_144	True	False	36941164	36941164	0	31106792	28303534	2803258	2803220	38	57474306	30894015	26580291	28095570	2798445
zr5240_145	True	False	30429028	30429028	0	25097217	22421382	2675835	2675649	186	50387040	24840528	25546512	22183920	2656608
zr5240_146	True	False	33240550	33240550	0	27448638	24908846	2539792	2539286	506	46619179	27269352	19349827	24755210	2514142
zr5240_147	True	False	29009498	29009498	0	21685774	18075670	3610104	3610091	13	46972374	21460088	25512286	17922550	3537538
zr5240_148	True	False	33209264	33209264	0	27270753	24588038	2682715	2682649	66	50321002	27065986	23255016	24395152	2670834
zr5240_149	True	False	29380938	29380938	0	24216905	21600406	2616499	2616202	0	46701652	23857551	22844101	21281060	2576491
zr5240_15	True	False	27207936	27207936	0	22698893	20360796	2338097	0	909	43179025	22523785	20655240	20184822	2338963
zr5240_150	True	False	38763910	38763910	0	32006139	28867678	3138461	3138421	40	58710305	31825038	26885267	28694792	3130246
zr5240_151	True	False	37661048	37661048	0	30390235	26756826	3633409	3632050	1359	56776690	29741886	27034804	26199562	3542324
zr5240_152	True	False	37105738	37105738	0	30187850	26896816	3291034	3289826	1208	56183614	29965644	26217970	26691530	3274114
zr5240_153	True	False	33263008	33263008	0	26425023	23165004	3260019	3259983	36	50378455	26233176	24145279	22980870	3252306
zr5240_154	True	False	31606000	31606000	0	26145396	23374440	2770956	2770175	781	35911005	22232228	13678777	20245666	1986562
zr5240_155	True	False	35294568	35294568	0	28807135	25547152	3259983	3259563	420	52462368	28248049	24214319	25064866	3183183
zr5240_156	True	False	38886392	38886392	0	32662501	29477838	3184663	3184131	532	59150524	32239045	26911479	29057492	3181553
zr5240_157	True	False	30516852	30516852	0	22230818	18020946	4209872	4209708	164	47102685	22086187	25016498	17910092	4176095
zr5240_158	True	False	33571136	33571136	0	27509347	24480128	3029219	3028604	615	51205062	27210675	23994387	24199036	3011639
zr5240_159	True	False	36088378	36088378	0	25929251	23372594	2556657	2536323	20334	47322381	25364711	21957670	22875508	2489203
zr5240_16	True	False	39870556	39870556	0	31127879	27802118	3325761	0	11338	62233701	30885686	31348015	27614144	3271542
zr5240_160	True	False	28750154	28750154	0	23872252	21403816	2468436	2467972	464	44147497	23596085	20551412	21135704	2460381
zr5240_161	True	False	49947876	49947876	0	41340442	36922546	4417896	0	530	79457206	40045322	39411884	35857458	4187864
zr5240_162	True	False	41422310	41422310	0	34593093	31038814	3554279	3554069	210	64088495	34043715	30044780	30528142	3515573
zr5240_163	True	False	26195372	26195372	0	22119705	20168066	1951639	1951219	0	34575053	21886683	12688370	19941882	1944801
zr5240_164	True	False	36893460	36893460	0	31140888	28210706	2930182	2930002	180	56466213	30553524	25912689	27638882	2914642
zr5240_165	True	False	35460622	35460622	0	29578188	26488676	3089512	3088476	1036	47619060	28718435	18900625	25749884	2968551
zr5240_166	True	False	43059528	43059528	0	36628754	33436506	3192248	3192127	121	67237896	36394500	30843396	33191518	3202982
zr5240_167	True	False	42400492	42400492	0	35990832	32776238	3214594	3214471	123	61314777	35589570	25725207	32381382	3208188
zr5240_168	True	False	40118242	40118242	0	33570926	30251936	3318990	0	140	63935726	33135578	30800148	29825436	3310142
zr5240_169	True	False	46559818	46559818	0	37797342	33522508	4274834	4274821	13	65501121	36765447	28735674	32624908	4140539
zr5240_17	True	False	27804120	27804120	0	22127723	19429134	2698589	2697341	0	37204632	21307883	15896749	18756794	2551089
zr5240_170	True	False	35451996	35451996	0	29454427	26444870	3009557	3009182	375	46302057	28451531	17850526	25536258	2915273
zr5240_171	True	False	35532616	35532616	0	29774740	27131332	2643408	2643395	13	49857033	29604658	20252375	26985146	2619512
zr5240_172	True	False	41631346	41631346	0	32966833	29576642	3390191	3380262	9929	55753259	32509573	23243686	29128072	3381501
zr5240_173	True	False	33064242	33064242	0	27119614	24052354	3067260	3066666	0	42293345	25710532	16582813	22845028	2865504
zr5240_174	True	False	34833394	34833394	0	28095115	24862354	3232761	3232409	352	51011420	27580171	23431249	24391640	3188531
zr5240_175	True	False	42948998	42948998	0	31856292	26035152	5821140	5820486	654	61843133	31249307	30593826	25580366	5668941
zr5240_176	True	False	59267500	59267500	0	47813324	41659186	6154138	6154067	71	86751794	47439159	39312635	41314624	6124535
zr5240_177	True	False	40798356	40798356	0	34241128	30945496	3295632	3295141	491	54138625	33344239	20794386	30115900	3228339
zr5240_178	True	False	35088284	35088284	0	29199240	26195320	3003920	3003874	46	58998338	29078323	29920015	26065590	3012733
zr5240_179	True	False	29978962	29978962	0	24392188	21750332	2641856	2641515	0	39165327	23582317	15583010	21040480	2541837
zr5240_18	True	False	49027596	49027596	0	39568838	35001722	4567116	0	1324	68406798	37409903	30996895	33248674	4161229
zr5240_180	True	False	42868494	42868494	0	35545842	31792116	3753726	3753498	228	63276226	34422889	28853337	30801532	3621357
zr5240_181	True	False	38467904	38467904	0	29917893	25821906	4095987	4095916	71	51545587	29392463	22153124	25393824	3998639
zr5240_182	True	False	42096412	42096412	0	34145299	30173562	3971737	3969798	1939	55452661	32825236	22627425	29068766	3756470
zr5240_183	True	False	34794648	34794648	0	29748875	27117532	2631343	2631205	138	47987249	29262426	18724823	26676100	2586326
zr5240_184	True	False	47032412	47032412	0	40071368	36390212	3681156	3680870	286	66658272	39689615	26968657	36003408	3686207
zr5240_185	True	False	29319144	29319144	0	22910359	19649898	3260461	3259765	696	35385586	20838827	14546759	18140052	2698775
zr5240_186	True	False	49029160	49029160	0	37344756	32187942	5156814	5152786	4028	71245406	36944892	34300514	31835100	5109792
zr5240_187	True	False	34014196	34014196	0	27210824	24040630	3170194	3169500	694	47976744	26804327	21172417	23668268	3136059
zr5240_188	True	False	64632928	64632928	0	51802791	44417658	7385133	7385072	61	99364462	51372640	47991822	44030570	7342070
zr5240_189	True	False	36136000	36136000	0	29820852	26642364	3178488	0	728	50360098	29493338	20866760	26322752	3170586
zr5240_19	True	False	29151802	29151802	0	24756369	22594246	2162123	2161706	0	43299377	24562692	18736685	22439538	2123154
zr5240_190	True	False	44413058	44413058	0	36203261	32319644	3883617	3883124	493	62170706	34924294	27246412	31152570	3771724
zr5240_191	True	False	38014650	38014650	0	31403918	28113272	3290646	3289578	1068	54223356	30971409	23251947	27744308	3227101
zr5240_192	True	False	31707478	31707478	0	26556593	23967776	2588817	2588477	340	58014707	26341443	31673264	23757146	2584297
zr5240_193	True	False	36662424	36662424	0	30443077	27290540	3152537	3152344	193	46868197	28628799	18239398	25815050	2813749
zr5240_194	True	False	34760268	34760268	0	28727837	25761690	2966147	2965976	171	51972980	28120914	23852066	25207394	2913520
zr5240_195	True	False	21819082	21819082	0	18347018	16662146	1684872	1684682	0	37515272	18172679	19342593	16495422	1677257
zr5240_196	True	False	40309556	40309556	0	32238632	28416008	3822624	3821512	1112	61655387	31951174	29704213	28139046	3812128
zr5240_197	True	False	27756274	27756274	0	22945621	20712268	2233353	2233275	78	40030632	22361441	17669191	20224236	2137205
zr5240_198	True	False	30339224	30339224	0	25137015	22423386	2713629	2713311	318	50046222	24973807	25072415	22253846	2719961
zr5240_199	True	False	41150858	41150858	0	34543648	31319020	3224628	3224516	112	65047569	34286232	30761337	31040868	3245364
zr5240_2	True	False	39633840	39633840	0	33166283	29659470	3506813	3506757	56	59743576	32189777	27553799	28822962	3366815
zr5240_20	True	False	28237308	28237308	0	23749577	21297370	2452207	2452201	6	46388327	23580326	22808001	21125488	2454838
zr5240_200	True	False	33854576	33854576	0	15514273	14014272	1500001	1434907	0	29684822	14939537	14745285	13608308	1331229
zr5240_201	True	False	31720922	31720922	0	16102187	14231480	1870707	1829228	0	30360470	15791911	14568559	14036510	1755401
zr5240_202	True	False	21790004	21790004	0	18131454	16269334	1862120	1862087	0	35380425	17975913	17404512	16110738	1865175
zr5240_203	True	False	35413662	35413662	0	27984466	24455708	3528758	3528634	124	55012056	27760195	27251861	24243678	3516517
zr5240_204	True	False	34570588	34570588	0	27925521	24442018	3483503	3483085	418	51151278	27635322	23515956	24178468	3456854
zr5240_205	True	False	26980430	26980430	0	21051278	18390686	2660592	2660192	0	39382218	20845207	18537011	18200814	2644393
zr5240_206	True	False	25330446	25330446	0	20235463	17845134	2390329	2390216	0	37921084	20047741	17873343	17670578	2377163
zr5240_207	True	False	30541406	30541406	0	25466101	22844914	2621187	2621124	63	48916327	25238035	23678292	22608448	2629587
zr5240_208	True	False	28251170	28251170	0	23534535	21011574	2522961	0	116	46136018	23375162	22760856	20847112	2528050
zr5240_209	True	False	43654420	43654420	0	35849074	32073738	3775336	0	778	64080013	35539394	28540619	31801472	3737922
zr5240_21	True	False	27678748	27678748	0	23125237	20603266	2521971	0	197	44496665	22805847	21690818	20312868	2492979
zr5240_210	True	False	29958086	29958086	0	24350443	21503028	2847415	0	1125	45189937	23994482	21195455	21183492	2810990
zr5240_211	True	False	36471954	36471954	0	29586102	26542250	3043852	3043753	99	53681495	29198721	24482774	26191374	3007347
zr5240_212	True	False	29376628	29376628	0	24432265	21860936	2571329	2571011	318	45978038	24130716	21847322	21576834	2553882
zr5240_213	True	False	39585456	39585456	0	32641972	29045458	3596514	3596159	355	61527966	32197406	29330560	28635350	3562056
zr5240_214	True	False	27745378	27745378	0	23277803	20969818	2307985	2307905	80	44534886	23119666	21415220	20809240	2310426
zr5240_215	True	False	25881122	25881122	0	20926655	18570412	2356243	2355927	316	35823830	20040633	15783197	17892274	2148359
zr5240_216	True	False	41325516	41325516	0	34134257	30503830	3630427	0	1545	60277897	33724947	26552950	30117226	3607721
zr5240_217	True	False	24030416	24030416	0	19420265	17302220	2118045	2118036	0	37026192	19311377	17714815	17197698	2113679
zr5240_218	True	False	28230332	28230332	0	23166529	20593696	2572833	0	565	34213333	20071420	14141913	18098792	1972628
zr5240_219	True	False	37395528	37395528	0	30683825	27420698	3263127	0	322	51342357	29868872	21473485	26649882	3218990
zr5240_22	True	False	34016960	34016960	0	28183481	25146974	3036507	3036275	232	51324842	27659400	23665442	24715756	2943644
zr5240_220	True	False	33667838	33667838	0	26414038	22190678	4223360	4223191	169	50038529	25985744	24052785	21852012	4133732
zr5240_221	True	False	40835892	40835892	0	32658940	28579340	4079600	4078796	804	51707246	31382527	20324719	27525860	3856667
zr5240_222	True	False	34845210	34845210	0	28635646	25347312	3288334	3288269	65	54267108	28457855	25809253	25167134	3290721
zr5240_223	True	False	33576682	33576682	0	27716982	25022834	2694148	2690728	3420	49313773	27164258	22149515	24509244	2655014
zr5240_224	True	False	35839990	35839990	0	26175466	23027688	3147778	3132215	15563	47558026	25431965	22126061	22428670	3003295
zr5240_225	True	False	26725096	26725096	0	16760749	14636932	2123817	2105336	0	32013155	16469192	15543963	14403542	2065650
zr5240_226	True	False	24858960	24858960	0	20657634	18456134	2201500	2201410	90	38833588	20412028	18421560	18220068	2191960
zr5240_227	True	False	34441060	34441060	0	28822831	25955852	2866979	2866787	192	50190217	28590116	21600101	25720794	2869322
zr5240_228	True	False	25481396	25481396	0	20859023	18528166	2330857	2330816	41	34557638	20636345	13921293	18326900	2309445
zr5240_229	True	False	27591378	27591378	0	22300980	19682142	2618838	2618520	318	41139491	22091123	19048368	19480416	2610707
zr5240_23	True	False	43026794	43026794	0	36402068	32723460	3678608	3678548	60	68503336	36138904	32364432	32470274	3668630
zr5240_230	True	False	38849108	38849108	0	31571996	28018712	3553284	3552269	1015	52500528	31257192	21243336	27726946	3530246
zr5240_231	True	False	26051672	26051672	0	20241399	17631972	2609427	2609048	379	34647796	19999090	14648706	17419836	2579254
zr5240_232	True	False	25094622	25094622	0	20679624	18522420	2157204	2156812	392	33670797	20236378	13434419	18118624	2117754
zr5240_233	True	False	32830642	32830642	0	27174687	24534866	2639821	2639725	96	43792204	26771440	17020764	24165042	2606398
zr5240_234	True	False	34855102	34855102	0	27947743	25072946	2874797	0	6428	45456204	27241322	18214882	24418566	2822756
zr5240_235	True	False	20632752	20632752	0	17004656	15223738	1780918	1780693	225	26477850	16675130	9802720	14932440	1742690
zr5240_236	True	False	31888372	31888372	0	25991667	22771022	3220645	0	211	48204401	25612335	22592066	22441542	3170793
zr5240_237	True	False	21951224	21951224	0	17135743	14975982	2159761	2159609	152	30568413	16864770	13703643	14746806	2117964
zr5240_238	True	False	34762034	34762034	0	28509055	25342306	3166749	3166451	298	52555340	28258309	24297031	25108360	3149949
zr5240_239	True	False	27225368	27225368	0	22282071	20057320	2224751	2222253	0	30378994	20058024	10320970	18225872	1832152
zr5240_24	True	False	40556620	40556620	0	33139758	29699300	3440458	3439664	794	61765858	32768850	28997008	29369772	3399078
zr5240_240	True	False	29680168	29680168	0	24503010	22026640	2476370	2474918	1452	38889436	23489167	15400269	21180010	2309157
zr5240_241	True	False	38707596	38707596	0	32417196	29324182	3093014	0	235	53286066	31560449	21725617	28537384	3023065
zr5240_242	True	False	22235642	22235642	0	18119111	16286904	1832207	1832174	33	36869988	17990422	18879566	16174084	1816338
zr5240_243	True	False	24270566	24270566	0	19631331	17625090	2006241	2005807	434	31902763	19086997	12815766	17215454	1871543
zr5240_25	True	False	24221716	24221716	0	20245381	18113986	2131395	2131057	338	38672853	20094623	18578230	17959552	2135071
zr5240_26	True	False	39727934	39727934	0	33081290	29471890	3609400	3609165	235	63471837	32701755	30770082	29110844	3590911
zr5240_27	True	False	22182280	22182280	0	18844722	17060742	1783980	1783928	0	36385205	18706016	17679189	16925460	1780556
zr5240_28	True	False	31325710	31325710	0	25553570	22639646	2913924	0	639	47302121	25353672	21948449	22456310	2897362
zr5240_29	True	False	51348018	51348018	0	43475142	39043528	4431614	4431567	47	85269410	43024441	42244969	38613230	4411211
zr5240_3	True	False	38997520	38997520	0	32772436	29547702	3224734	0	28	62484168	32359194	30124974	29160156	3199038
zr5240_30	True	False	37672000	37672000	0	30673391	27265532	3407859	3407810	49	59618566	30476878	29141688	27076970	3399908
zr5240_31	True	False	50714528	50714528	0	43664229	39830388	3833841	3833785	56	83255318	43416494	39838824	39579820	3836674
zr5240_32	True	False	34695566	34695566	0	29021653	26036630	2985023	0	20	54857432	28843663	26013769	25847332	2996331
zr5240_33	True	False	34947192	34947192	0	27801836	23420840	4380996	4380967	29	58123756	27547369	30576387	23223694	4323675
zr5240_34	True	False	40782254	40782254	0	33090939	29040068	4050871	4050609	262	63467937	32826466	30641471	28793240	4033226
zr5240_35	True	False	32466962	32466962	0	27500966	24706568	2794398	2794349	49	54735325	27274692	27460633	24485702	2788990
zr5240_36	True	False	41777866	41777866	0	35534637	32180412	3354225	3353333	892	55313089	34055750	21257339	30847046	3208704
zr5240_37	True	False	39118992	39118992	0	32747332	29273354	3473978	3473250	728	53143392	32147757	20995635	28757290	3390467
zr5240_38	True	False	40358712	40358712	0	32811565	28878266	3933299	0	218	59087647	32187437	26900210	28362266	3825171
zr5240_39	True	False	32895564	32895564	0	27547331	24731060	2816271	0	1468	47475917	26754270	20721647	24043346	2710924
zr5240_4	True	False	32200132	32200132	0	26203988	23105330	3098658	0	797	41820880	24819159	17001721	21978878	2840281
zr5240_40	True	False	43767440	43767440	0	36616750	33179618	3437132	3432860	4272	62440924	35672371	26768553	32247002	3425369
zr5240_41	True	False	47134870	47134870	0	38440088	33886258	4553830	4552850	980	62403572	36728196	25675376	32537976	4190220
zr5240_42	True	False	37855416	37855416	0	31966723	29070552	2896171	0	2030	53434393	31009781	22424612	28218638	2791143
zr5240_43	True	False	30182350	30182350	0	24986102	22322466	2663636	2661669	1967	45838132	24688395	21149737	22038656	2649739
zr5240_44	True	False	37156388	37156388	0	31103419	28003992	3099427	0	661	47226931	29616058	17610873	26649528	2966530
zr5240_45	True	False	28335358	28335358	0	22687313	20186904	2500409	2497879	2530	35667783	21592210	14075573	19318428	2273782
zr5240_46	True	False	30289210	30289210	0	25867379	23557336	2310043	2309962	81	40814287	25269460	15544827	23051176	2218284
zr5240_47	True	False	35252706	35252706	0	27647558	23876346	3771212	3770926	286	46971951	27235982	19735969	23613716	3622266
zr5240_48	True	False	43219122	43219122	0	34127490	30056670	4070820	4070774	46	57512987	33767148	23745839	29831762	3935386
zr5240_49	True	False	44192714	44192714	0	33035225	28359742	4675483	4673433	2050	54976862	32443766	22533096	27969180	4474586
zr5240_5	True	False	27080468	27080468	0	22837966	20675952	2162014	2161799	215	42214795	22585918	19628877	20434506	2151412
zr5240_50	True	False	27429234	27429234	0	22014695	19321506	2693189	0	282	40001993	21722113	18279880	19055270	2666843
zr5240_51	True	False	30936896	30936896	0	25818099	23189436	2628663	2627929	734	42075936	25290094	16785842	22695800	2594294
zr5240_52	True	False	38655976	38655976	0	32233148	29403290	2829858	2826672	3186	50566773	31425066	19141707	28693770	2731296
zr5240_53	True	False	32594798	32594798	0	27466510	24694272	2772238	0	296	43423581	26460862	16962719	23828750	2632112
zr5240_54	True	False	33615302	33615302	0	28241559	25473706	2767853	2766744	1109	44065709	26991089	17074620	24459140	2531949
zr5240_55	True	False	33706056	33706056	0	28582337	25779782	2802555	2802371	184	48852505	28263054	20589451	25516160	2746894
zr5240_56	True	False	29587614	29587614	0	23527618	20579766	2947852	2947841	11	43856860	23281163	20575697	20367156	2914007
zr5240_58	True	False	31086078	31086078	0	25702134	22826216	2875918	0	399	47828252	25533022	22295230	22663378	2869644
zr5240_59	True	False	22454638	22454638	0	18990101	17268674	1721427	1721102	325	33885160	18708669	15176491	17016904	1691765
zr5240_6	True	False	38216364	38216364	0	31946313	28688946	3257367	3256601	766	53923902	30436453	23487449	27444970	2991483
zr5240_60	True	False	42233726	42233726	0	32406076	27875502	4530574	4529338	1236	55541749	31953138	23588611	27530390	4422748
zr5240_61	True	False	48953836	48953836	0	40809737	36730682	4079055	4076745	2310	68388925	40254722	28134203	36188822	4065900
zr5240_62	True	False	22278574	22278574	0	18408349	16564106	1844243	1844220	0	32670413	18276193	14394220	16442978	1833215
zr5240_63	True	False	26911604	26911604	0	21842112	19535306	2306806	2305784	1022	36294365	21560825	14733540	19299772	2261053
zr5240_64	True	False	26684476	26684476	0	22304560	19874306	2430254	2430032	222	40376129	21989201	18386928	19596634	2392567
zr5240_65	True	False	25956600	25956600	0	21417479	18945880	2471599	2471368	231	38540518	21046962	17493556	18623334	2423628
zr5240_66	True	False	25847720	25847720	0	21204706	19020338	2184368	2184351	17	38422634	21094345	17328289	18907426	2186919
zr5240_67	True	False	36826546	36826546	0	30795419	27648600	3146819	0	106	52994864	30187812	22807052	27123598	3064214
zr5240_68	True	False	32203920	32203920	0	27226852	24621430	2605422	2605398	24	45085770	26935166	18150604	24364736	2570430
zr5240_69	True	False	34060102	34060102	0	28368340	25235274	3133066	3132999	67	51371931	28131196	23240735	25008164	3123032
zr5240_7	True	False	40254666	40254666	0	33879002	30640934	3238068	0	307	61882839	33441153	28441686	30236148	3205005
zr5240_70	True	False	27591964	27591964	0	22445517	19971306	2474211	2474168	43	39541261	22253874	17287387	19829316	2424558
zr5240_71	True	False	33985700	33985700	0	28065881	25112468	2953413	2953400	13	52580054	27846775	24733279	24911140	2935635
zr5240_72	True	False	38682290	38682290	0	32283076	29052818	3230258	3230202	56	58578018	31465199	27112819	28340096	3125103
zr5240_73	True	False	34008794	34008794	0	28041110	25009144	3031966	3031491	475	58970432	27848563	31121869	24828514	3020049
zr5240_74	True	False	33174180	33174180	0	27163277	24146954	3016323	3014979	1344	42057354	25876271	16181083	23122272	2753999
zr5240_75	True	False	26224308	26224308	0	21677374	19275476	2401898	2400860	1038	40446137	21445629	19000508	19065636	2379993
zr5240_76	True	False	38785634	38785634	0	32977767	29936568	3041199	3041051	148	56257205	31389616	24867589	28566128	2823488
zr5240_77	True	False	27870796	27870796	0	23491275	21104170	2387105	2386924	181	45881265	23295475	22585790	20921382	2374093
zr5240_78	True	False	27951224	27951224	0	23470833	21125436	2345397	2344967	430	41967015	23064842	18902173	20768944	2295898
zr5240_79	True	False	38402958	38402958	0	31507519	27661968	3845551	3845214	337	57037577	30803015	26234562	27104066	3698949
zr5240_8	True	False	32228570	32228570	0	27110651	24883668	2226983	2223640	3343	45510344	26718024	18792320	24534010	2184014
zr5240_80	True	False	36535498	36535498	0	30477934	27563160	2914774	2914395	379	55407834	30041222	25366612	27165480	2875742
zr5240_81	True	False	30614224	30614224	0	24915514	22023760	2891754	2891624	130	46004384	24700805	21303579	21842560	2858245
zr5240_82	True	False	34426156	34426156	0	28466664	25296602	3170062	3168945	1117	51312950	28193480	23119470	25057318	3136162
zr5240_83	True	False	28258304	28258304	0	23713355	21515544	2197811	2197611	200	41542082	23425107	18116975	21267066	2158041
zr5240_84	True	False	39070036	39070036	0	32849083	29524856	3324227	0	51	64139794	32617313	31522481	29300228	3317085
zr5240_85	True	False	39667578	39667578	0	33456463	30406984	3049479	0	1758	61483340	33175880	28307460	30139308	3036572
zr5240_86	True	False	29147646	29147646	0	23880817	21399862	2480955	0	949	39919307	23275028	16644279	20898136	2376892
zr5240_87	True	False	30013200	30013200	0	25291271	22938046	2353225	2352498	727	37443821	23869403	13574418	21868480	2000923
zr5240_88	True	False	39929340	39929340	0	34556620	31725514	2831106	2830985	121	60337807	34165923	26171884	31385602	2780321
zr5240_89	True	False	24939322	24939322	0	20866819	18752910	2113909	2113880	29	40010729	20761979	19248750	18644898	2117081
zr5240_9	True	False	40084920	40084920	0	32644238	28894816	3749422	3748513	909	53303428	31649055	21654373	28058184	3590871
zr5240_90	True	False	24805846	24805846	0	20232028	17922244	2309784	2309575	209	37024311	19811729	17212582	17569230	2242499
zr5240_91	True	False	25717162	25717162	0	21814320	19813702	2000618	2000507	111	39991065	21669298	18321767	19671962	1997336
zr5240_92	True	False	21268516	21268516	0	17449727	15547168	1902559	1902258	301	33135106	17270835	15864271	15382100	1888735
zr5240_93	True	False	27267624	27267624	0	22382295	19909190	2473105	2472113	992	39586364	22194156	17392208	19731816	2462340
zr5240_94	True	False	38578620	38578620	0	32453405	29299158	3154247	3154132	115	63071335	32237471	30833864	29080406	3157065
zr5240_95	True	False	31156682	31156682	0	25674126	22876710	2797416	2797383	33	48722734	25530260	23192474	22748906	2781354
zr5240_96	True	False	30675768	30675768	0	25825996	23398790	2427206	2426212	994	47975693	25635422	22340271	23211910	2423512
zr5240_97	True	False	41120970	41120970	0	32695072	28296230	4398842	4398786	56	65268173	32359659	32908514	28028668	4330991
zr5240_98	True	False	43146174	43146174	0	36337259	32987098	3350161	3349892	269	69190746	36159708	33031038	32814734	3344974
zr5240_99	True	False	32941480	32941480	0	24338066	21079932	3258134	3257947	187	46559210	24209574	22349636	20979310	3230264
